Throughput_Mbps: 63063.768749999996
ThroughputRecv_Mbps: 61236.087499999994
ThroughputBoth_Mbps: 124299.85624999998
Throughput_total_Mbps: 1009020.2999999999
ThroughputRecv_total_Mbps: 979777.3999999999
ThroughputBoth_total_Mbps: 1988797.6999999997
workload: 1138502965.331949
