Throughput_Mbps: 7954.400156249997
ThroughputRecv_Mbps: 0
ThroughputBoth_Mbps: 7954.400156249997
Throughput_total_Mbps: 509081.6099999998
ThroughputRecv_total_Mbps: 0
ThroughputBoth_total_Mbps: 509081.6099999998
workload: 1864312536.621093
