buildtime_per_iteration: 33.67523917555809
real_time_per_iteration: 33.67375 
user_time_per_iteration: 913.062 
sys_time_per_iteration: 161.32112500000002 
workload: 8
